1 0.100 0.071
2 0.300 0.071
3 0.500 0.071
4 0.700 0.071
5 0.900 0.071
6 0.100 0.214
7 0.300 0.214
8 0.500 0.214
9 0.700 0.214
10 0.900 0.214
11 0.100 0.357
12 0.300 0.357
13 0.500 0.357
14 0.700 0.357
15 0.900 0.357
16 0.100 0.500
17 0.300 0.500
18 0.500 0.500
19 0.700 0.500
20 0.900 0.500
21 0.100 0.643
22 0.300 0.643
23 0.500 0.643
24 0.700 0.643
25 0.900 0.643
26 0.100 0.786
27 0.300 0.786
28 0.500 0.786
29 0.700 0.786
30 0.900 0.786
31 0.100 0.929
32 0.300 0.929
33 0.500 0.929
34 0.700 0.929
35 0.900 0.929
