1 0.15 0.15
2 0.25 0.15
3 0.35 0.15
4 0.45 0.15
5 0.55 0.15
6 0.65 0.15
7 0.75 0.15
8 0.85 0.15
9 0.15 0.25
10 0.25 0.25
11 0.35 0.25
12 0.45 0.25
13 0.55 0.25
14 0.65 0.25
15 0.75 0.25
16 0.85 0.25
17 0.15 0.35
18 0.25 0.35
19 0.35 0.35
20 0.45 0.35
21 0.55 0.35
22 0.65 0.35
23 0.75 0.35
24 0.85 0.35
25 0.15 0.45
26 0.25 0.45
27 0.35 0.45
28 0.45 0.45
29 0.55 0.45
30 0.65 0.45
31 0.75 0.45
32 0.85 0.45
33 0.15 0.55
34 0.25 0.55
35 0.35 0.55
36 0.45 0.55
37 0.55 0.55
38 0.65 0.55
39 0.75 0.55
40 0.85 0.55
41 0.15 0.65
42 0.25 0.65
43 0.35 0.65
44 0.45 0.65
45 0.55 0.65
46 0.65 0.65
47 0.75 0.65
48 0.85 0.65
49 0.15 0.75
50 0.25 0.75
51 0.35 0.75
52 0.45 0.75
53 0.55 0.75
54 0.65 0.75
55 0.75 0.75
56 0.85 0.75
57 0.15 0.85
58 0.25 0.85
59 0.35 0.85
60 0.45 0.85
61 0.55 0.85
62 0.65 0.85
63 0.75 0.85
64 0.85 0.85
